G004 = 1.285409746
T004 = 2.692490819
LM008 = 0.780680478
LM010 = 1.931924988